.Random.seed <-
c(403L, 10L, 889441297L, -396157501L, -1455775278L, -859887516L, 
-1115551833L, 241273085L, -1512612620L, 1415166938L, 604671781L, 
-1188833729L, 1238015430L, -1259685296L, 718255731L, -1068123503L, 
-246742336L, -330718050L, -685406103L, 521856155L, -944153174L, 
-830370356L, -1993695089L, -726409019L, 855609468L, -1344394030L, 
-932461491L, -279849721L, -244860690L, 1711348168L, -293994805L, 
1765601065L, 1809381240L, 2077543590L, -62185791L, -834218157L, 
-529525758L, 702361908L, -1437951305L, 2017838765L, -918566972L, 
-1405636630L, 1000697941L, -2130326033L, -140683786L, 1386574624L, 
1099279587L, 589670785L, -439279632L, 1426079374L, 2090107385L, 
515214219L, -138623046L, 1153173180L, 1246961151L, 885578581L, 
-740373396L, 1353525442L, 1454406429L, -726797929L, -967137026L, 
-1464485192L, 1347191963L, -978156807L, -340212664L, 140879734L, 
-1339923791L, -829885725L, -1559137870L, -785726972L, -1416480441L, 
-481377251L, -1660913004L, 174780986L, -43811707L, -1125736097L, 
300872166L, -1431265168L, -458824813L, 1830855729L, -1535038752L, 
939174782L, 427696649L, -1871238597L, 2005742602L, -505181204L, 
2055299183L, 296452005L, -1762654372L, 1737952050L, 1053225517L, 
756506855L, -1324379634L, -837963800L, 1551323627L, -1609194871L, 
8690200L, -1105145530L, -434937951L, 230167091L, 1907978146L, 
-1529451884L, -1452793577L, -1678524659L, -425707996L, 1721638410L, 
1265903477L, 708293327L, -2096757290L, 569166208L, 597230019L, 
-410445983L, 2142154192L, -1653007058L, -1967149863L, -1030592789L, 
-546864294L, -1494821604L, 1264690207L, 62253173L, 983938316L, 
-1832544030L, 1777603005L, -172747209L, 722144478L, -1776543720L, 
564414331L, -649410791L, -332932184L, 314821462L, -1251191855L, 
720861059L, 270819858L, -516065884L, 405516647L, 1279041213L, 
-111253964L, 1160387994L, 1718675941L, -515320449L, -958210810L, 
467338896L, -310112461L, -1245147951L, 59397760L, 1191444318L, 
-1079616343L, 24858459L, -1976097430L, -444864500L, 601931855L, 
-461948667L, -625331780L, -617769838L, -1915154547L, 895834055L, 
1156738222L, 1215593736L, 114449163L, -1833470487L, 1667687096L, 
1369761126L, -1564606975L, -951859053L, -648588478L, -525161228L, 
-1925351177L, 1374171373L, 881603460L, 2015407530L, 661459733L, 
1276162479L, -1483361866L, -727922720L, -674298077L, -414353343L, 
-2034592976L, -1588700850L, -1886409799L, 2038709707L, 1418210938L, 
-1587821700L, -2020881473L, 1615148181L, 2144197292L, -1080878974L, 
1105197149L, -812781737L, -1867828674L, 1976841848L, -547138213L, 
-1958587207L, -288047864L, -105037898L, -2061130511L, 1240900387L, 
-1005226638L, -750071868L, 980450183L, -53114531L, -956864684L, 
-926950022L, -1450604347L, 1357928991L, 82218406L, 611016496L, 
-1961962029L, -1952218127L, 121435424L, -502258754L, 576056265L, 
-583758981L, 185907530L, -1474603604L, 679329967L, 979728997L, 
1094140444L, 1163492466L, -124452115L, -333000921L, 1625877326L, 
-1906973784L, -847444053L, -1051790135L, 1204872408L, -2129651322L, 
1688957025L, 959209971L, -1920634782L, -535646020L, -1541532174L, 
294198576L, -2112207708L, 1765237432L, 1962867034L, 12947856L, 
588058492L, -1381684972L, -775540926L, -141357312L, -936926276L, 
-943867056L, -1078341854L, 1078256968L, -387037684L, 766435420L, 
1687812306L, 1913107968L, -1566557868L, 300107240L, -1705548806L, 
-518951728L, -685852372L, 515340020L, -602245742L, 589504608L, 
878245132L, 415089376L, 534062434L, -1877505368L, 934064716L, 
2090478972L, -864394958L, 792288368L, 1291797316L, 1570208216L, 
1367456890L, 2002599472L, -758586692L, -736523436L, -1021558718L, 
1723914656L, 1853392572L, -530610736L, 1866952034L, 1327734760L, 
1369083852L, -641828100L, 798940658L, 1193612416L, 198779124L, 
-1906122104L, 1800405818L, 570920784L, 1573614188L, -2021148524L, 
-743657134L, 845006560L, -1435300148L, -1913106272L, -2058197118L, 
2005563112L, 745955052L, 141516860L, -1346859406L, 1017240688L, 
-919760348L, 1603682360L, -531245030L, 1025509072L, 1858194492L, 
690435220L, -1259169662L, -1340485696L, -2024732356L, 1631010448L, 
846006306L, 1384863752L, 2092137612L, -495082468L, -604339566L, 
-1272176512L, -1167727596L, -1379495640L, 751811130L, 44229840L, 
2104786028L, -1420157260L, 450140178L, 2088824800L, -1387136052L, 
-1876503072L, -1259914718L, -383531736L, -501146356L, 1845605948L, 
1817987314L, -7821584L, -1726582972L, 1216390744L, -31659462L, 
580554480L, 1427806396L, -1865315820L, 1725320386L, 1390586976L, 
438893948L, -1118140208L, -286245854L, -1898244440L, -1944564852L, 
1632470460L, -1532726222L, 762588992L, -1491647308L, -166314168L, 
1495376570L, -1191809264L, -1515817748L, -1426973612L, -282337518L, 
-900968544L, -853879860L, -265155744L, -274717502L, 1051393576L, 
86916524L, 444046140L, 672343922L, -254877904L, -2088376796L, 
-2115462088L, 464632026L, 221719952L, 161299196L, -597105772L, 
-909766846L, 1247589888L, 329948732L, 1424966224L, -1267085662L, 
-2025329848L, 1653527052L, 1275238620L, 600562258L, 1195268224L, 
-815176876L, -676495896L, -1425776902L, 1610857296L, -734122964L, 
1597712756L, 1069934226L, -1057059232L, 247883404L, -1672259744L, 
-2111655198L, -797400920L, 1075879116L, 1096303100L, -1879074894L, 
1855076848L, -1443998268L, 629093208L, 1386790778L, -602921552L, 
1599049148L, -422155180L, 1966505922L, 879154976L, -11988036L, 
77074000L, -1014199838L, 1703208296L, -852032180L, 1952177404L, 
286069490L, -772199680L, -1878090124L, 715103240L, 2047551930L, 
-1007506480L, -1685207572L, -2085310572L, -413180206L, 1558407776L, 
211711308L, 796823840L, -1157818750L, 958137832L, -506696724L, 
877529660L, 1947084402L, 419765104L, -111937244L, -677209544L, 
-2038425190L, 5889488L, -1738035780L, 458450068L, 843415682L, 
-4639296L, 397915964L, 1975257232L, -19612894L, -921013752L, 
-2101231348L, -400897636L, -125867502L, -1954357376L, -2093133036L, 
-201864920L, 1695879226L, -722144304L, 199763564L, 1043006004L, 
-1335425390L, -129897120L, -168910516L, 239834080L, -1854037598L, 
-150699608L, -747594100L, -1735236164L, 1242079858L, 22207472L, 
-749994964L, 1323514493L, 630273223L, 6345136L, 1160281038L, 
-1352783621L, 1333948253L, -647902070L, -1982334296L, 280921617L, 
-351398141L, 757625348L, -721454542L, 1998170759L, 213929681L, 
527161430L, 224290868L, -496776379L, 1528953231L, 1324249352L, 
1830054694L, 1296114643L, -1326934731L, 1590998162L, 306605152L, 
1894582729L, 614277371L, -1265033524L, 1648612186L, -255248817L, 
-287665383L, -1600615122L, 890443580L, 6960301L, 585959255L, 
-484242784L, 1878549502L, -369569077L, 1504969933L, 671107066L, 
-1550181320L, 1617448417L, 1312773779L, -1452378956L, -903316030L, 
-1477227049L, 412881441L, -990739994L, -1952540444L, -411162603L, 
547280959L, -1252640808L, -1115768330L, -880797181L, 520146245L, 
-1141098142L, -1504677168L, 334654969L, 678855979L, 429532828L, 
-301095734L, 563269055L, 1257763081L, -1875652066L, 259760076L, 
175119773L, 913831975L, 1636804176L, 1835152110L, 322419611L, 
1250265597L, -1328771862L, 1977354120L, 69628209L, -1082961501L, 
1050109348L, 36354130L, -832865369L, 335798257L, -678540490L, 
-698435628L, 422432101L, -984563345L, 2030328744L, -1500876538L, 
-1579626445L, 1423394453L, -1278624014L, -838774976L, -589157207L, 
1405612315L, 601409260L, -1529677062L, 1357349679L, -119420103L, 
436505934L, 308882332L, -130834163L, -1411308681L, 969938816L, 
1515947486L, 2061179563L, 1192392109L, -1296029158L, -1441518376L, 
-1085009599L, 2018044403L, -699047916L, -226105950L, 1276371639L, 
-793736063L, 943160454L, 321820868L, 1123644917L, 801218655L, 
1289280184L, -1012759658L, -1407610461L, -1515752091L, 1309795458L, 
-761942544L, 1452407705L, -560865909L, 471292028L, -1684616534L, 
1681450207L, 445403753L, -1981894530L, 898074732L, -695136067L, 
-1995136633L, 1905300848L, -1935167474L, -614322885L, 933777949L, 
-631912758L, -1331293720L, 105563857L, 1909863107L, -1311827516L, 
1300688498L, 1309667143L, -1380765935L, -1546345834L, 575563764L, 
-2130300539L, 982486223L, 354407880L, -271414170L, 491408019L, 
